353.6370589
245.2158468
198.8911307
171.6731709
153.2457322
139.7117761
129.2301255
120.8030294
113.8367132
107.9528216
102.8973481
98.49258965
94.61000058
91.15398695
88.05178605
85.24690257
82.69471297
80.3594394
78.21201592
76.22855186
74.38920437
71.07888436
69.58186021
66.85236467
64.42203811
62.23998308
60.26665302
58.47079226
56.82732728
54.60430515
53.26037024
51.41963291
49.75874056
48.25023273
46.43865214
45.20750454
43.71001799
42.35353451
40.82495369
39.71581032
38.45017743
37.08205785
35.85221365
34.73887723
33.72479306
32.6487719
31.53891561
30.53712994
29.62700337
28.59849359
27.761009
26.83325001
25.99506668
25.16708516
24.35630448
23.62160315
22.85397993
22.15930019
21.44664541
20.76531833
20.11525622
19.49595836
18.87994021
18.297823
17.72582614
17.18784719
16.66348588
16.15536792
15.65074401
15.18120528
14.71938907
14.27961016
13.85168428
13.4377127
13.03910797
12.6567272
12.28455656
11.93034975
11.58325832
11.25524083
10.93254075
10.62556815
10.33057927
10.04502815
9.770089542
9.506505778
9.252399341
9.006531493
8.771821561
8.546743075
8.330233377
8.121577996
7.921519162
7.7304908
7.546749029
7.370023177
7.201691162
7.039757356
6.885435374
6.737189612
6.59553002
6.460290034
6.33091266
6.207370041
6.089604456
5.977529582
5.870270914
5.768166162
5.671180239
5.578694496
5.490770079
5.407116818
5.32764317
5.252250981
5.180733904
5.112832813
5.048509271
4.987558479
4.929816519
4.875201811
4.823577441
4.774779038
4.728671653
4.685173616
4.644141859
4.605458013
4.569020671
4.534739783
4.50251503
4.472228364
4.443827146
4.417207993
4.392310007
4.369049831
4.347369797
4.327221098
4.308543682
4.291292737
4.275439635
4.260943587
4.247794119
4.235973092
4.22547942
4.216317568
4.208507834
4.202078818
4.197073029
4.193546902
4.191572983
4.191240638
4.192658381
4.195954849
4.201283453
4.208820247
4.218772276
4.231376614
4.246901429
4.265655624
4.287986956
4.314285918
4.344990497
4.380591725
4.421634671
4.468714982
4.522499475
4.583709203
4.653134193
4.731627846
4.820112943
4.919584808
5.031093659
5.155768907
5.294796064
5.44942942
