129.8370898
155.0583943
165.2515092
161.6828163
152.7461966
142.8512371
133.7317933
125.8431078
119.1500446
113.4294557
108.4244501
103.9783732
100.0275059
96.48412352
93.26971073
90.3426145
87.66007119
85.17644952
82.86703883
80.71998929
78.73477182
75.21722536
73.6414975
70.76395033
68.21534482
65.93612244
63.86528608
61.94304405
60.18760789
57.86894947
56.45186496
54.50554476
52.75132399
51.14067299
49.14687555
47.8109708
46.21820849
44.80785226
43.21225978
42.0624887
40.77056336
39.43228648
38.18551338
37.01400822
35.94075019
34.77920627
33.52957169
32.34505022
31.23475745
29.86825545
28.7452825
27.51449531
26.44445411
25.43840174
24.52717531
23.7417745
22.90193236
22.1242573
21.31402453
21.06465023
20.847426
20.59885027
20.30883098
19.97866096
19.58670407
19.3355384
19.12303958
18.88417139
18.62995498
18.29235674
17.81604841
17.29707839
16.75813141
16.09746732
15.45191182
14.72621455
13.74302091
12.81728726
11.96664828
11.16785104
10.45653609
9.856085599
9.339165287
8.89756814
8.503218001
8.060259561
7.815932897
7.717598171
7.709687143
7.644626634
7.379254504
6.897197386
6.429338957
6.163111474
6.071452357
5.980442
5.959865191
5.923674605
5.607255267
5.220371499
5.049691507
4.968247905
5.046308536
4.907902015
4.67632662
4.528733283
4.522623541
4.307240169
4.198176395
4.172768204
3.934227114
3.813658225
3.754824605
3.556732067
3.471753799
3.31263229
3.226945991
3.091683242
2.994993419
2.911068171
2.80113507
2.680756556
2.612992155
2.527258262
2.448009762
2.379094344
2.296735502
2.216802374
2.14647657
2.097799126
2.037826554
2.001632368
1.955966044
1.921111608
1.888535761
1.856028945
1.833471198
1.816365536
1.81287096
1.830356024
1.847129658
1.854569045
1.864231466
1.881403761
1.890508034
1.903264839
1.914041066
1.929391258
1.950595163
1.972613139
1.992204192
2.018357942
2.045405415
2.068539966
2.108516591
2.143457852
2.177995978
2.203412791
2.21744371
2.236520668
2.245939775
2.246821038
2.256412786
2.272681677
2.288443613
2.29501044
2.291030277
2.256012318
2.18547627
2.093571179
2.000568474
1.963691035
1.944140488
1.912293602
