0.0339182374
0.02051077759
0.01569000144
0.01310748542
0.01145898498
0.01029699824
0.009424042394
0.008738487338
0.008182266725
0.007719584863
0.007327061619
0.00698871534
0.006693212771
0.006432269794
0.006199675215
0.005990670272
0.005801540489
0.005629339166
0.005471695206
0.005326676516
0.005192690979
0.004952730583
0.004844699946
0.004648491223
0.004474598569
0.004319105533
0.004178993472
0.004051893452
0.003935917039
0.003779548163
0.003685293182
0.003556531636
0.003440680399
0.003335727223
0.003210024043
0.003124804836
0.003021376971
0.002927903403
0.002822817573
0.002746731911
0.002660082675
0.00256662537
0.002482802265
0.002407077578
0.002338237287
0.00226533585
0.002190301997
0.002122719356
0.002061444435
0.001992348159
0.001936207478
0.00187415039
0.001818213823
0.00176308539
0.001709232453
0.00166055121
0.00160981689
0.001564024302
0.001517174483
0.001472513808
0.001430029547
0.001389679887
0.001349673124
0.001311995545
0.001275103119
0.001240531591
0.001206962676
0.001174563038
0.001142522152
0.00111284019
0.001083779436
0.001056237492
0.001029571037
0.001003908657
0.0009793333304
0.0009558914887
0.00093321011
0.0009117557286
0.0008908664302
0.0008712556945
0.0008520953931
0.0008339992803
0.0008167374898
0.0008001552765
0.0007843154305
0.0007692533914
0.0007548547572
0.0007410439362
0.0007279777504
0.0007155624955
0.0007037323059
0.0006924418507
0.0006817245878
0.0006715957288
0.0006619555079
0.0006527838182
0.0006441450683
0.0006359300684
0.0006281941033
0.0006208540847
0.0006139299994
0.000607408072
0.0006012564964
0.0005954696214
0.0005900405682
0.0005849614053
0.0005801898053
0.0005757389446
0.0005716052371
0.0005677614022
0.000564210192
0.000560940817
0.0005579516852
0.0005552418183
0.0005528075511
0.0005506454661
0.0005487610679
0.0005471563696
0.0005458370419
0.000544812814
0.0005440942795
0.0005436946259
0.0005436309189
0.0005439234456
0.0005445961435
0.0005456773798
0.0005471997561
0.0005491999813
0.000551720364
0.0005548115961
0.0005585246468
0.0005629229153
0.0005680716089
0.0005740484518
0.0005809350284
0.0005888182898
0.0005977995248
0.0006079863502
0.000619488256
0.0006324371804
0.000646955577
0.0006631885112
0.0006812810556
0.0007013937532
0.0007236851906
0.0007483287222
0.0007755034939
0.0008053987549
0.0008382086766
0.0008741370098
0.000913402556
0.0009562176876
0.001002831844
0.001053476978
0.001108423346
0.001167946526
0.001232327081
0.001301880371
0.001376933666
0.001457832249
0.001544945847
0.001638675269
0.001739446697
0.001847699382
0.001963929593
0.002088647208
0.002222407217
0.002365797348
0.002519450896
0.002684053315
0.002860316771
0.003049024973
0.003251001291
0.003467134466
