0.002508316159
0.005016632319
0.007524948478
0.01003326464
0.0125415808
0.01504989696
0.01755821311
0.02006652927
0.02257484543
0.02508316159
0.02759147775
0.03009979391
0.03260811007
0.03511642623
0.03762474239
0.04013305855
0.04264137471
0.04514969087
0.04765800703
0.05016632319
0.05267463934
0.05769127166
0.06019958782
0.06521622014
0.07023285246
0.07524948478
0.0802661171
0.08528274942
0.09029938173
0.09782433021
0.1028409625
0.110365911
0.1178908595
0.125415808
0.1354490726
0.1429740211
0.1530072857
0.1630405504
0.1755821311
0.1856153958
0.1981569766
0.2132068735
0.2282567705
0.2433066674
0.2583565644
0.2759147775
0.2959813068
0.3160478361
0.3361143653
0.3611975269
0.3837723724
0.4113638501
0.4389553279
0.4690551218
0.5016632319
0.5342713419
0.5718960843
0.6095208267
0.6521622014
0.6973118923
0.7449698993
0.7951362225
0.850319178
0.9080104497
0.9707183536
1.035934574
1.106167426
1.181416911
1.264191344
1.349474094
1.442281792
1.540106122
1.6454554
1.758329628
1.878728803
2.006652927
2.144610316
2.290092653
2.448116571
2.613665438
2.794264201
2.98489623
3.188069838
3.406293344
3.639566747
3.887890047
4.15377156
4.439719602
4.743225857
5.066798642
5.412946272
5.784177063
6.180491016
6.601888131
7.05338504
7.537490059
8.051694871
8.603524426
9.190470408
9.820057764
10.49228649
11.20966492
11.97720966
12.79742904
13.67283138
14.605925
15.60674314
16.67528583
17.81406136
19.03310302
20.3349191
21.72703457
23.21446605
24.80223018
26.49785191
28.31136449
30.24778456
32.3171454
34.52948025
36.89231407
39.41568013
42.11212
44.99417527
48.07187919
51.36028168
54.87443262
58.62938191
62.64017945
66.92438345
71.50456875
76.39578526
81.62311614
87.20662791
93.17391205
99.55005173
106.3601301
113.6367553
121.4125354
129.7175702
138.5945011
148.0759361
158.2070251
169.0304093
180.5962552
192.9522206
206.1534885
220.2577503
235.3277137
251.4285952
268.6306274
287.0115682
306.6466671
327.6287318
350.043045
373.9924477
399.5822891
426.9204269
456.1297686
487.3382383
520.681285
556.3043911
594.3655805
635.0329104
678.4794546
724.9008617
774.4977971
827.4884843
884.1036883
944.5917325
1009.221007
1078.269934
1152.044529
1230.865856
1315.080063
