0.02291560821
0.01602869021
0.0130393704
0.01127158559
0.01007041369
0.009186167783
0.008500227341
0.007948069604
0.007491191631
0.007105008335
0.006772987651
0.006483548416
0.006228303922
0.006001011572
0.005796915971
0.005612322354
0.005444310619
0.005290538282
0.005149101413
0.005018434427
0.004897236505
0.00467905219
0.004580356608
0.004400364073
0.004240052375
0.004096078327
0.003965843364
0.003847293033
0.003738778762
0.003591959649
0.003503177671
0.003381548157
0.00327177297
0.003172044277
0.003052245715
0.002970808807
0.002871728985
0.002781953163
0.002680756798
0.002607306821
0.002523470269
0.002432815057
0.002351294161
0.00227747159
0.002210208799
0.002138814278
0.002065147997
0.001998630252
0.00193817736
0.001869835736
0.001814166519
0.001752474193
0.001696717585
0.001641620047
0.001587648298
0.001538725161
0.001487594381
0.001441309714
0.001393816476
0.001348402661
0.001305067776
0.001263782232
0.001222717816
0.00118392018
0.001145809237
0.00110998223
0.001075085775
0.001041301298
0.001007789922
0.0009766566866
0.0009460943337
0.0009170596933
0.0008888897714
0.0008617352165
0.0008357007441
0.0008108538932
0.0007868187184
0.0007641100529
0.0007420497761
0.0007214142679
0.0007013575
0.000682549647
0.0006647761954
0.000647907537
0.0006320396255
0.000617237823
0.0006034210043
0.0005905540466
0.0005788157322
0.0005681483684
0.0005585267754
0.0005499495877
0.0005424744787
0.0005361333218
0.0005308861499
0.0005267515204
0.0005237728736
0.0005219240613
0.000521226478
0.0005216760215
0.0005232764231
0.0005260215018
0.000529914321
0.0005349461698
0.000541101135
0.000548356958
0.0005567511231
0.0005662388355
0.0005767878789
0.0005884344261
0.0006011428796
0.0006149229866
0.0006297576653
0.0006456271714
0.0006625346395
0.0006805057046
0.0006995135622
0.0007195783488
0.0007407166274
0.0007629179404
0.000786193001
0.000810571857
0.0008360798151
0.0008627162448
0.0008905203597
0.000919525743
0.0009497608217
0.0009812494154
0.001014030269
0.001048173658
0.00108368737
0.001120647179
0.001159085954
0.001199082093
0.001240689099
0.001283954507
0.001328966754
0.00137580532
0.00142452742
0.001475255946
0.001528047311
0.001583020928
0.001640273157
0.00169993156
0.001762101662
0.001826918706
0.001894520934
0.00196506142
0.002038695691
0.002115593261
0.002195947738
0.00227993266
0.002367787685
0.002459711051
0.002555964624
0.002656810191
0.002762510772
0.002873379045
0.002989737324
0.003111927417
0.003240319616
0.003375320965
0.00351736556
0.00366689732
0.003824430406
0.003990488102
0.004165645535
0.00435051234
0.004545748951
0.004752073978
0.004970231919
0.00520104886
0.005445392259
0.005704202193
