0.017176659
0.0169561807
0.0151151583
0.01365405065
0.01244308294
0.01134149021
0.01019841975
0.009148471294
0.008345057952
0.007743418166
0.00732563448
0.006948855583
0.006661344406
0.006448633478
0.006298473276
0.006126660854
0.005925622163
0.005761987063
0.005607254803
0.005474044465
0.005323280981
0.005065431341
0.004954413855
0.004726434661
0.004542765808
0.004374503729
0.00422765322
0.004116640675
0.004008199705
0.003864706002
0.003756278098
0.00361542296
0.003499459221
0.003408782017
0.003292742648
0.003193053444
0.003084186886
0.002996807382
0.002891699886
0.002805257658
0.002720449062
0.002628250748
0.002537784469
0.002461760661
0.002385235806
0.002309313827
0.002231522505
0.00216180395
0.002094554971
0.002024139707
0.001962260653
0.001895811521
0.001838334997
0.001779877029
0.001722084972
0.001669158978
0.001614663053
0.001564513861
0.001514172488
0.001466016667
0.001419426361
0.001375862229
0.001332687845
0.001291743394
0.00125205128
0.001215759448
0.001180454188
0.001145498143
0.001111540924
0.00108001216
0.001050266896
0.001021723769
0.0009949073702
0.0009692325521
0.0009447506072
0.0009223565314
0.0009010382033
0.0008818661336
0.0008635232366
0.0008466388424
0.0008296713119
0.0008125231202
0.0007956063138
0.0007791434833
0.0007631456627
0.0007470365679
0.0007307442993
0.0007147378712
0.0006988953319
0.000683358998
0.0006677945571
0.0006535865701
0.0006401172119
0.0006272935908
0.0006153221664
0.0006039788201
0.0005939385026
0.0005849711642
0.0005776522143
0.0005710844423
0.0005659611481
0.0005623044695
0.000559632913
0.0005579892785
0.0005572094414
0.0005574601294
0.0005583398532
0.0005599908533
0.0005617978134
0.0005636554472
0.0005658746965
0.0005677778407
0.0005696407058
0.0005717281393
0.0005739106459
0.0005766829414
0.0005800331941
0.0005835625344
0.0005868747815
0.0005902453257
0.000593349953
0.0005958081108
0.0005978471043
0.0005992887616
0.0006002318167
0.0006001919156
0.0005995291921
0.0005983136915
0.0005972213589
0.0005964090256
0.000595679735
0.0005951426432
0.0005949734085
0.0005956298457
0.0005972736608
0.0006001702062
0.0006044926666
0.0006100665242
0.0006163836644
0.000623833319
0.0006329491128
0.000644488225
0.0006580810227
0.0006732794823
0.0006895555415
0.0007079472449
0.0007303790501
0.0007568195433
0.0007871660727
0.0008212686481
0.0008589340746
0.0009000484039
0.0009456536324
0.0009965399678
0.00105301484
0.001115769492
0.001186071562
0.001263583521
0.001347614847
0.001439457158
0.001539011915
0.001646963801
0.001763644006
0.001887915861
0.002022358978
0.002167112629
0.002321025527
0.002481633873
0.002650414909
0.002829118522
0.003019421821
0.003215083405
0.003415513152
0.003624627721
