0.0190973444
0.01837946254
0.01597443093
0.01418741041
0.01288272469
0.01192842305
0.01105722198
0.01029467268
0.009704061659
0.009227540382
0.008835395012
0.008445303119
0.008118075792
0.007839361313
0.007605904021
0.007381838674
0.007160341348
0.00696973376
0.006790655209
0.006628892638
0.006460862958
0.006178738249
0.006059506103
0.005822614073
0.005619683427
0.005429594522
0.005255347231
0.005103729578
0.004958187776
0.004771608091
0.004656896385
0.004494219661
0.00435158185
0.004220557814
0.004062453828
0.003953442953
0.003820823902
0.003700712499
0.003564110662
0.003466009349
0.003353349638
0.003234041361
0.003128872583
0.00303167018
0.002943783716
0.002850675652
0.002755402377
0.002669856674
0.002592285125
0.002505126134
0.002433381045
0.00235204974
0.002277878598
0.002203653619
0.002131380339
0.002065283566
0.001997082575
0.00193428427
0.001871159694
0.001811118138
0.001753689266
0.001699043981
0.001645380098
0.001593830356
0.001542648782
0.001494982332
0.001450335504
0.001407275147
0.001364196266
0.001322491941
0.001281795254
0.00124469709
0.001209701614
0.001176348672
0.001145561917
0.001116749727
0.001088445905
0.001061503339
0.001035868688
0.001012468093
0.0009895815399
0.0009670761239
0.0009448830085
0.0009231202366
0.0009026033118
0.0008831134546
0.0008650314586
0.0008472335484
0.0008306492662
0.0008149956463
0.0007998256752
0.0007853596773
0.000772074019
0.000759794743
0.0007484180988
0.00073723563
0.0007267817379
0.0007170867613
0.0007083525934
0.0007006119834
0.000694022498
0.0006897354464
0.0006874226447
0.00068729567
0.0006887632482
0.0006918310853
0.0006964535353
0.0007026188504
0.000710221851
0.0007194751886
0.0007300047042
0.0007418057828
0.0007540258237
0.0007661535792
0.0007785409571
0.0007911316854
0.0008043196323
0.0008174098751
0.0008304239348
0.0008427594883
0.0008544660204
0.0008658395778
0.0008769324632
0.0008881074649
0.0008991801804
0.0009101981816
0.000920990824
0.0009325682356
0.0009450670536
0.000958781361
0.0009743086127
0.0009917471349
0.001011159475
0.00103279137
0.001054586826
0.001075063162
0.001093443094
0.001109592755
0.001122500948
0.001132054845
0.001137639805
0.001137818566
0.001133354172
0.001122717076
0.001108628273
0.001097484856
0.001090451237
0.00108955885
0.001092305331
0.001099616378
0.001109143016
0.001120890944
0.001133273918
0.001143694991
0.001156058007
0.001179830829
0.001222435167
0.001272139626
0.001328847759
0.001392180796
0.001462095767
0.001537741947
0.00161889739
0.001704356234
0.001791984975
0.001880084936
0.001961234552
0.002034254402
0.002098459737
0.002157306981
0.00220440576
0.002242514172
0.00226768506
0.002275829183
