353.4919116
249.961306
204.09668
176.756534
158.0991094
144.3270641
133.6236631
124.9960814
117.8498791
111.8045309
106.6036493
102.0673417
98.06516528
94.49991934
91.29749083
88.40025061
85.76262069
83.34801641
81.12668641
79.07415464
77.17007556
73.7416226
72.19049238
69.3612618
66.84095975
64.57718336
62.52918514
60.66473871
58.95797657
56.64851913
55.25186789
53.33835227
51.61121021
50.04203996
48.15697199
46.87547199
45.31627464
43.903432
42.31079276
41.15478566
39.83526208
38.40836114
37.12517828
35.96312073
34.90427403
33.78032683
32.62053893
31.57321378
30.62129632
29.54504017
28.66823555
27.69641377
26.81792589
25.94962536
25.09883185
24.327376
23.5207995
22.79033639
22.04039656
21.32282528
20.63758317
19.98417275
19.3335873
18.71816523
18.11277638
17.54272906
16.98643202
16.44666484
15.90985607
15.4096284
14.91686028
14.44682831
13.98866328
13.54461133
13.11619716
12.70436291
12.30263883
11.91941255
11.54295651
11.18626078
10.83438128
10.49867507
10.17508974
9.860848766
9.557258657
9.265168722
8.982527092
8.707970479
8.444790165
8.191322064
7.946405446
7.70926077
7.480766775
7.26147124
7.049420383
6.844338615
6.647879618
6.457770267
6.2754913
6.099288858
5.929825445
5.766969833
5.610118628
5.45930606
5.314536363
5.175784094
5.042042214
4.913807676
4.791123509
4.673292281
4.560476086
4.452389971
4.3490038
4.250280969
4.156043336
4.06604015
3.98031153
3.898676179
3.821005101
3.747278858
3.677402352
3.611241335
3.548699487
3.489751009
3.434284989
3.382222361
3.333505322
3.288089406
3.245914709
3.206897692
3.171038432
3.138271052
3.108582591
3.081932889
3.058313032
3.037723347
3.020153803
3.005613178
2.994126343
2.985713745
2.980421283
2.97829668
2.979403369
2.983817984
2.991629336
3.002941854
3.017874996
3.03656589
3.059167015
3.085849439
3.116808116
3.152245247
3.192405856
3.237532717
3.287914092
3.343855482
3.405677973
3.473746471
3.548447964
3.63019675
3.719440478
3.816666805
3.922397333
4.037173973
4.161605
4.29631889
4.441997466
4.599362387
4.769188878
4.952313045
5.149603411
5.362010736
5.590532453
5.83624154
