144.4664658
172.6510104
181.9194866
174.3279211
161.4226022
148.5202969
137.3269048
128.0877741
120.536492
114.2249346
108.7919468
104.0796549
99.99292462
96.3750494
93.12601049
90.17599572
87.46294453
84.97150201
82.68812919
80.58595934
78.65391487
75.17838269
73.5787746
70.62685818
68.00595155
65.68635358
63.57392704
61.6717717
59.94257977
57.58934517
56.16257959
54.2226852
52.51510799
50.93213503
49.01118654
47.72744534
46.17528622
44.79675809
43.22731891
42.07348285
40.78662831
39.4411336
38.16950611
37.02966268
35.99903063
34.84587028
33.57566643
32.41720248
31.3032946
29.93340205
28.82137809
27.56629205
26.47458123
25.41503802
24.43709469
23.59464023
22.73532667
21.95100308
21.13040637
20.58984057
20.07788621
19.58946817
19.08708881
18.59453554
18.02616874
17.49505086
16.98961185
16.52164094
16.05337787
15.63882342
15.33381883
15.00777331
14.6289267
14.30908742
14.0142904
13.6968038
13.33984342
12.96215117
12.57615783
12.23749535
11.75100431
11.25678992
10.78528405
10.33024184
9.834029623
9.420909025
9.062371218
8.724068272
8.44126651
8.159292393
7.894322448
7.633999888
7.377231785
7.16802133
6.995017309
6.817445166
6.595877097
6.310985824
6.012570857
5.793312053
5.621574668
5.458875081
5.354244633
5.282766683
5.147858722
4.974046043
4.830574788
4.706039607
4.636008497
4.523681539
4.391340254
4.312325345
4.282828232
4.198106676
4.109072244
4.033908919
3.927146518
3.83818336
3.779938124
3.679107283
3.605423423
3.518881008
3.479777734
3.416319775
3.361552203
3.329329287
3.294990295
3.27468525
3.271607896
3.265175162
3.260075796
3.248240992
3.24129212
3.233386834
3.235163471
3.247666734
3.272083203
3.291128776
3.310419375
3.332583067
3.368857378
3.414770113
3.459946721
3.494112476
3.520057152
3.54097083
3.553879018
3.562353629
3.58326195
3.60947574
3.62445875
3.613921404
3.605609026
3.608484746
3.627481058
3.653903076
3.714404046
3.794523554
3.892147663
3.981562546
4.0656864
4.153855036
4.270819468
4.399547251
4.517182582
4.579707361
4.546616618
4.456491421
4.320737091
4.142552091
3.941862118
3.764407892
3.617226434
3.504590994
