0.013846432
0.01341689577
0.0117904048
0.01048575037
0.009524970236
0.008802227288
0.008202744806
0.00768910422
0.007260627462
0.006897600606
0.006584170538
0.00630558451
0.006061321631
0.005846075244
0.005656327732
0.005483363001
0.005323857785
0.00517948585
0.005045976308
0.004922813891
0.00480740722
0.004600099465
0.004505717557
0.004332208423
0.004178810734
0.004038769085
0.003910206373
0.003793744928
0.003686875317
0.003544101898
0.003456119367
0.003335696839
0.003228630172
0.003131868184
0.003013166543
0.002930272161
0.002831765595
0.002743747858
0.002645273258
0.002572038469
0.002488448381
0.002400136452
0.002322364583
0.002251515468
0.002186259221
0.002118132049
0.002046570485
0.001982592544
0.001923861095
0.001856695344
0.001802462288
0.001741775709
0.001686365762
0.001629730954
0.00157426293
0.001523602292
0.001469572402
0.001421084902
0.001371610027
0.001324740344
0.001279184826
0.001235734669
0.001192744084
0.001153633065
0.001115503962
0.001080059502
0.001045739695
0.001012620135
0.0009795647303
0.0009491411538
0.0009192390461
0.0008917122277
0.0008648910648
0.0008384761719
0.0008139356064
0.0007901236336
0.000766167781
0.0007439751393
0.0007221211297
0.0007008194324
0.0006794584082
0.000658151243
0.000637253989
0.0006170394569
0.00059711697
0.0005783477104
0.0005611168941
0.0005443297109
0.0005283142052
0.0005136346221
0.0005003651423
0.0004881612553
0.0004764168839
0.0004651090729
0.000454666037
0.0004449457559
0.0004357458407
0.0004272851525
0.0004189981443
0.0004112481236
0.0004035448276
0.0003966977468
0.0003911333926
0.0003878487594
0.0003860797258
0.0003859265245
0.0003865836307
0.0003883453995
0.0003917463294
0.0003969552564
0.0004036057948
0.0004121739534
0.0004225544012
0.0004343051676
0.0004474931965
0.0004623312375
0.0004792239952
0.0004985970953
0.0005205709849
0.0005451084544
0.0005721846158
0.0006018051768
0.0006340965206
0.0006690086428
0.0007069807819
0.0007479045355
0.0007917897339
0.0008382747173
0.0008871243973
0.0009383642302
0.0009921211524
0.001048604088
0.001108225619
0.001171027056
0.001236357433
0.001304464964
0.001375981699
0.001450456114
0.001528461272
0.001609798885
0.001695065132
0.001783186194
0.001874177925
0.001967605008
0.002063980161
0.002161810017
0.002259485044
0.002357429687
0.002454974535
0.002552013976
0.002647406109
0.002739280106
0.002827552255
0.002911632942
0.00299144022
0.003066069032
0.003133312705
0.003192600482
0.003246883508
0.0032955835
0.003336193621
0.00336658478
0.003387291119
0.003398543979
0.003398873468
0.0033905227
0.003374124715
0.003349123752
0.003317343195
0.003275692817
0.003229684154
0.003181540102
0.003133523166
0.00308975924
