581.339084
410.6595497
335.1915947
290.2371747
259.5710899
236.9400596
219.3543167
205.1806879
193.4416311
183.5115251
174.9689178
167.5181425
160.9448314
155.0892618
149.8296592
145.0713402
140.7394255
136.7738142
133.1256331
129.7546766
126.6275251
120.9968008
118.4492813
113.8026123
109.6632578
105.945156
102.5813891
99.51903417
96.71561218
92.92212709
90.62793335
87.4846162
84.64733893
82.0694642
78.9724713
76.86697784
74.30509858
71.98355249
69.36639171
67.46661081
65.29795678
62.95262626
60.84331967
58.9329387
57.19206668
55.3439703
53.43671263
51.71417699
50.1483563
48.37775262
46.93505425
45.33575536
43.88979471
42.46033481
41.05941122
39.78885625
38.4601562
37.25654546
36.02051993
34.83750536
33.70744871
32.62954391
31.55593192
30.53997469
29.54018987
28.5983796
27.67888326
26.78628826
25.89813149
25.07004847
24.2538449
23.47482176
22.71496969
21.97800676
21.26646416
20.5819142
19.91360143
19.27548478
18.64803551
18.05290977
17.46517574
16.90379744
16.36201652
15.83518449
15.32548948
14.83436529
14.35836837
13.89519801
13.45041293
13.02121829
12.60565659
12.20240625
11.81296633
11.43828781
11.0750455
10.72276939
10.38431612
10.05578551
9.739751321
9.433189854
9.137266263
8.851774174
8.575676862
8.309055315
8.051944312
7.804332585
7.564450375
7.333216304
7.110750255
6.89582783
6.688784506
6.489143145
6.29689701
6.112034869
5.934285484
5.76323944
5.599042372
5.441424007
5.290216292
5.145470459
5.007098185
4.874938747
4.748911831
4.629087643
4.51537297
4.407746898
4.306241777
4.210928537
4.121856819
4.039036738
3.962667388
3.892819945
3.829690361
3.773428948
3.724264563
3.682455998
3.648251435
3.621948121
3.603881071
3.594388417
3.5938539
3.602673815
3.621268459
3.650086356
3.689583369
3.740243291
3.80256617
3.877077029
3.964314106
4.064840657
4.179263477
4.308171683
4.452267753
4.612205065
4.788761319
4.982738843
5.194962661
5.426379978
5.677986848
5.950848722
6.246122743
6.565080995
6.909091543
7.279576156
7.678160494
8.106525492
8.566514868
9.060092337
9.589385274
10.15670702
10.76446872
11.41533329
12.11210515
12.85781832
