0.03066244112
0.02129940388
0.01728732735
0.01492733577
0.01332858569
0.01215397516
0.01124407338
0.01051242288
0.009907545716
0.009396627493
0.008957631899
0.008575138674
0.00823799104
0.007937890855
0.007668521019
0.007424976177
0.007203381394
0.007000629602
0.006814196438
0.006642006877
0.006482337374
0.006195001401
0.006065071853
0.005828196642
0.005617312767
0.005427998234
0.005256817105
0.005101053713
0.004958529497
0.004765781192
0.004649277045
0.004489736404
0.004345817119
0.004215133218
0.004058237315
0.003951641183
0.003822021197
0.003704644354
0.003572424303
0.003476520524
0.003367126046
0.003248926743
0.003142726662
0.003046635285
0.002959154093
0.002866380136
0.002770748916
0.002684487624
0.002606171614
0.002517735675
0.002445782829
0.002366141249
0.002294256209
0.00222331537
0.002153922086
0.002091110003
0.002025561631
0.001966318182
0.001905625058
0.0018476872
0.001792496107
0.00174000549
0.001687887751
0.001638734444
0.001590536655
0.0015453064
0.001501325481
0.001458815861
0.001416716176
0.001377660322
0.001339368661
0.001303028795
0.001267797846
0.00123385069
0.001201303029
0.001170222953
0.001140122166
0.001111626584
0.001083863938
0.001057789635
0.001032310118
0.001008249214
0.0009853091031
0.0009632923575
0.0009422909568
0.0009223603368
0.0009033578222
0.0008851934005
0.0008680824327
0.0008519103542
0.000836600506
0.0008221043551
0.0008084746864
0.0007957388524
0.0007837800561
0.0007725839624
0.0007622371827
0.0007526169233
0.0007437959649
0.0007356870633
0.0007283208661
0.000721688545
0.0007157639655
0.0007105479617
0.0007060385553
0.0007022311155
0.0006990982854
0.0006966534761
0.0006948939959
0.0006938089098
0.000693400843
0.0006936690486
0.0006946145803
0.000696237024
0.0006985381712
0.0007015253839
0.00070519848
0.0007095654147
0.0007146349727
0.0007204095002
0.0007268959387
0.0007341070591
0.0007420550205
0.0007507435748
0.0007601888635
0.0007704055488
0.0007814063373
0.000793201683
0.0008058070063
0.0008192498555
0.0008335328087
0.0008486847329
0.0008647165368
0.0008816572166
0.0008995246211
0.0009183327897
0.0009381123669
0.0009588890871
0.0009806773521
0.001003519407
0.001027426016
0.001052434474
0.001078569645
0.001105868388
0.001134355034
0.001164064812
0.001195031382
0.001227291967
0.001260881383
0.001295837002
0.001332202949
0.001370009755
0.001409312831
0.001450143665
0.001492556391
0.001536598741
0.001582312403
0.001629753482
0.001678974393
0.001730027613
0.001782968816
0.001837859432
0.001894761765
0.001953731536
0.002014841011
0.00207815386
0.002143741017
0.002211673006
0.002282025035
0.002354878343
0.002430307727
0.002508400019
0.002589238801
0.002672913855
