167.3287741
221.6762619
248.5911464
251.0639111
242.0168306
229.2398695
216.3752101
204.7087714
194.4839659
185.5848968
177.7750424
170.828011
164.6018913
158.9624776
153.8075817
149.0922862
144.7642125
140.7636966
137.0457649
133.5641382
130.2873918
124.3490477
121.680134
116.8357305
112.5851489
108.8282008
105.4425928
102.3521307
99.53429904
95.76983816
93.51450806
90.51142607
87.82136669
85.27210017
82.14578385
80.04848437
77.45249918
75.14893008
72.52834432
70.6387804
68.47849934
66.25428926
64.10456086
62.14521403
60.43645501
58.46313361
56.36257121
54.38271643
52.32897946
49.52797313
47.33627412
44.86561065
42.75990576
40.8007044
39.04142219
37.46468011
35.79672924
34.31554202
32.83857528
32.6469551
32.5542593
32.38396027
32.13522511
31.74477733
31.14725765
30.8597016
30.66972954
30.41857045
30.06794239
29.7557141
29.4943241
29.09317946
28.59686024
28.20309158
27.77359634
27.13682823
26.04063792
25.00518845
23.92099331
22.94018667
21.38506205
19.91425189
18.46141065
16.92321447
15.3806465
14.05874386
13.09667285
12.44474816
12.08400592
11.80392795
11.38217269
10.86452313
10.49023696
10.43626439
10.67496366
10.74054188
10.48026458
9.835099103
8.889245296
8.204667547
7.92098736
7.7449375
7.908472287
8.007537992
7.59304916
6.966047723
6.760633318
6.53141765
6.652666415
6.491261458
5.966363473
5.799493397
5.929874162
5.586182376
5.400425721
5.384561692
5.159241178
5.00529892
5.037462788
4.864170773
4.919742541
4.754432278
4.824008958
4.742212954
4.754570659
4.815819963
4.765328053
4.77577969
4.80350535
4.835064018
4.826330335
4.810941805
4.788937035
4.758300363
4.725261394
4.691664587
4.655945454
4.590356705
4.523397065
4.473110136
4.423573812
4.404467783
4.392346459
4.382579546
4.380073215
4.407509414
4.463464911
4.541262271
4.623528145
4.701415702
4.761538967
4.809989312
4.884586862
4.939733328
4.975307762
5.016446627
5.052041562
5.070193175
5.103205114
5.120899747
5.052760405
4.948800452
4.791598135
4.616060865
4.422827736
4.247700281
4.074987973
3.83919198
3.585542058
3.287575311
3.040707554
2.928809025
2.846172572
2.70218936
